0.25447256077142405   0.25202216743766753   0.2643070362292791   
0.25065311841289384   0.25841903532804766   0.25722625411873057   
0.2655339298394785   0.2685575249998979   0.26663075202051445   

0.26028663629353477   0.2571768590516157   0.27139320536505523   
0.26762351151901004   0.25681748337235816   0.26825716474381606   
0.2666831726766437   0.2716873615468193   0.2616712217618856   

0.2325226460758817   0.23884029072127982   0.23988059041999166   
0.2419059057448228   0.2487262106688503   0.23815289950623647   
0.24710368471059602   0.24077429293869518   0.24894736865509276   

-0.004909222369075699   0.006777953219816852   -0.009554837937428114   
0.0016632234693004784   -0.008359690169578262   -0.00260274073811724   
7.011195263994691E-4   -0.0038137646394314807   -0.007607224291844515   

0.2185378431825342   0.21625602996026036   0.21746462739271785   
0.21249816463926754   0.21679399414897552   0.21722720509500734   
0.21637785025782055   0.20888516474162852   0.20611868070799552   

-0.003537958303592013   -0.0033306454914834266   -8.323057339682859E-4   
-0.0014094839447065708   0.0028917766703922317   -0.007422955628093807   
-0.003319088597967353   0.0034743708883298403   -0.0042484470467011905   

0.4727197928631635   0.48593725302990126   0.47181312527120695   
0.48795376994281753   0.48400051193736887   0.4857835036900721   
0.4815015931320637   0.480807277918277   0.4872547862168853   

0.07188990576584   0.07063794418111029   0.06919689532526135   
0.07563891569248969   0.06607152345792343   0.07911867471136481   
0.08232900191329047   0.08516539268272678   0.07906902269542841   

0.6510959126454989   0.6317324429876681   0.6457202450464253   
0.6401356939367875   0.643335228041027   0.6457765478745116   
0.6425321623681407   0.6480855009552952   0.6478242575321843   

0.9542163558483882   0.9570659570411296   0.9552528476534996   
0.9477387243215487   0.9396984307181039   0.9555676798796118   
0.9557822681976234   0.9443660562441066   0.9523978574932107   

-0.005613709377103511   -0.0028317895615006202   0.004049145952825816   
-0.009349082480141827   0.0010141052800916107   -0.009836104181070667   
-0.007584223267862649   -0.005349474433457338   -0.0037380659613462223   

0.0661718661287915   0.07285258728604323   0.07519643330606647   
0.07883631003631293   0.07957705710164635   0.06805648010078648   
0.06210981399167103   0.07164717095568478   0.06813371474806491   

0.0011762240378474461   0.007268717850620818   0.010447785454910818   
-0.005169368574039937   0.006041512491618895   -0.008858469878244101   
-0.008399517094970301   0.005215341592109292   -0.008363709852011566   

-0.004118224458402391   0.003071354094272505   5.072530982398059E-4   
-0.004915523159599085   0.0041020579482068135   4.7192031916502874E-4   
0.002134044327243328   0.001494655150037578   0.004800485940506813   

0.008177793135873876   0.00403440972857336   0.0024810233306408365   
-0.0034518111225030393   0.008743995533502892   -2.2016431576890737E-4   
9.909059510429528E-4   0.006192926249341173   -0.0032542118948980917   

0.004992364896774869   -0.003835274270132384   -0.007406067963743469   
-0.004622826618453283   -0.0087259404200805   -2.775156659205149E-4   
9.483859073651911E-4   -0.00564291251947423   -0.005464183260501666   

