23247.92030032437   23247.916549685182   23247.92510761421   23247.923314481883   23247.932427843083   
23247.928334378845   23247.92323544456   23247.930747296632   23247.913837936547   23247.913432126814   
23247.926517920605   23247.92671080188   23247.92676033576   23247.91612667665   23247.913222710453   
23247.914693148563   23247.920270485276   23247.915424309424   23247.921501536817   23247.92446541835   
23247.931165255417   23247.917582769656   23247.927745799774   23247.928560265922   23247.928292887216   

27629.891758387846   27629.903077626623   27629.897837068744   27629.89059849917   27629.90019833142   
27629.891790991376   27629.893156240683   27629.895248640656   27629.89227043176   27629.898579293833   
27629.89461334092   27629.90428258716   27629.90189927823   27629.89181828123   27629.89662239005   
27629.897733114936   27629.908521338315   27629.90587352326   27629.904244341193   27629.90592226998   
27629.894626668167   27629.89851269334   27629.895673987456   27629.905811230827   27629.89689172576   

24897.67943309607   24897.677134979487   24897.67527601853   24897.679990375687   24897.661457884507   
24897.67838193107   24897.673786339463   24897.663284016726   24897.665659852595   24897.668120235106   
24897.66673276326   24897.673265903828   24897.667631396682   24897.68102019947   24897.665669660386   
24897.66856323154   24897.669792325385   24897.667081443364   24897.66347691437   24897.67494237158   
24897.678554608243   24897.674437146317   24897.676433316406   24897.669658807892   24897.66565088654   

6.56180179482296   6.567964864341935   6.571169870838776   6.563070561077539   6.5575488118118415   
6.572270159991136   6.572573602068674   6.559385740173266   6.572310936358301   6.573587858133839   
6.5586060822694625   6.55687456980219   6.569704159885929   6.5672352803278535   6.5652999665486576   
6.56327614414974   6.571013404336508   6.557440957312954   6.564206879372348   6.554967331174572   
6.568716948498794   6.568688920684192   6.573687619243096   6.574109422262717   6.5610522083306515   

19294.898584500188   19294.894972311748   19294.88766692918   19294.88582564655   19294.88842719714   
19294.887774714796   19294.88843918536   19294.8885342239   19294.898879183205   19294.885354108577   
19294.883510875075   19294.881537517755   19294.88908175888   19294.89878824052   19294.890553902245   
19294.887452190233   19294.883366138856   19294.889921063866   19294.88226954697   19294.886203247752   
19294.895259751946   19294.886910110483   19294.888877175392   19294.886190122983   19294.893851193778   

2.7436171822488964   2.756030902744023   2.7439069887251195   2.7536339662137426   2.7546438326834726   
2.751259611136332   2.753476954655813   2.7400357473562287   2.758225205466757   2.7425940926353283   
2.7445344360713535   2.7524707837165976   2.746894367117467   2.7558998967373847   2.7411510243755015   
2.7586703132636754   2.7552010195885486   2.746962464883047   2.740434448409557   2.7426364319423415   
2.7504266792632954   2.7461855830041375   2.7526509220284714   2.7394417557718542   2.752440877544321   

49568.313912691534   49568.3112759207   49568.3093082593   49568.312554708784   49568.3249303036   
49568.31333439603   49568.31301085575   49568.32279717059   49568.31655223098   49568.32263713812   
49568.32555325398   49568.32084796962   49568.32541963924   49568.320662558326   49568.32486244019   
49568.31956551976   49568.31729844945   49568.31538592976   49568.31045712943   49568.31716410941   
49568.328198954696   49568.32380769568   49568.31015138383   49568.32110632326   49568.32642494516   

6564.658989329315   6564.670567683717   6564.675396130684   6564.668616916916   6564.658323407405   
6564.660808201003   6564.658438779881   6564.660280693892   6564.659906209792   6564.661430895558   
6564.670337742969   6564.658153157546   6564.659530522239   6564.674182685159   6564.665710855333   
6564.669124919066   6564.67036225393   6564.660144125219   6564.659216207236   6564.656704443051   
6564.672418172812   6564.666649967154   6564.6675945524985   6564.672780572516   6564.658449382103   

57876.072977986376   57876.070569242474   57876.06613092452   57876.06898657933   57876.06873055384   
57876.07078305885   57876.05711820587   57876.071072181105   57876.07282328505   57876.065847394   
57876.06606886234   57876.054662957045   57876.068980752236   57876.05747116581   57876.064876628996   
57876.069141275126   57876.05866141412   57876.05656523975   57876.07045820694   57876.062863917155   
57876.07135185354   57876.05614233887   57876.07176874012   57876.05816416877   57876.05387799116   

99327.58947175357   99327.5928803505   99327.58642467929   99327.58036339545   99327.59463275783   
99327.58846783367   99327.58808571489   99327.59485263006   99327.58661910136   99327.58321032743   
99327.5890243733   99327.58284477785   99327.59485160222   99327.58347867582   99327.59800748351   
99327.58390568523   99327.59057151765   99327.58145011107   99327.58309907993   99327.59836188507   
99327.59189923076   99327.58525998532   99327.5847776833   99327.59360975763   99327.59649404748   

6.461132708609179   6.467257307813825   6.456968407204581   6.466847951862531   6.468488023708975   
6.46096632901041   6.45612122013487   6.4712944126744825   6.472920896172463   6.454446752041577   
6.461155710998942   6.460684236856788   6.467585141858306   6.465974506133219   6.466905598790805   
6.454281039846431   6.4540118770874315   6.457108616648936   6.463862539970907   6.471898647929596   
6.455624558021322   6.469014012478796   6.467218098471503   6.469502136909326   6.463265678156081   

6187.932786642096   6187.931636684572   6187.917440631773   6187.923953518168   6187.919924511417   
6187.926931411464   6187.9169574418265   6187.9307459793745   6187.91903425466   6187.927417039334   
6187.922131587735   6187.923253242546   6187.929171627069   6187.934679223378   6187.920276064563   
6187.91936855056   6187.917350838097   6187.918292048996   6187.932517216731   6187.9176416744585   
6187.92925697055   6187.93317142504   6187.919341417152   6187.927937714323   6187.933701175771   

